-0.0636885
-0.00567328
0.148029
-0.267776
0.0456547
0.396317
-0.0714594
0.0539722
-0.0318514
-0.0178272
-0.0775461
0.076384
0.583316
-0.3141
0.0980941
0.0360036
0.201421
0.0630513
-0.0783769
0.022722
-0.239049
-0.13015
0.0670067
0.447702
-0.263618
0.287933
-0.208602
-0.00550352
0.130555
0.0294077
0.0757342
-0.0995893
0.0503264
0.1991
0.280325
0.106388
-0.110701
0.16915
-0.156194
-0.339355
0.0291853
0.244416
-0.017391
0.120022
0.0153616
-0.240314
-0.0299555
0.0348778
-0.0996045
0.107469
-0.0617275
-0.0856829
0.0716235
-0.0229026
0.279397
0.0732964
-0.0304709
-0.0051042
-0.251422
-0.0893019
0.178822
-0.192436
0.127824
-0.17216
-0.41536
-0.0447912
-0.0258535
-0.0137028
-0.0316427
-0.226232
0.12746
-0.0416855
0.0603659
-0.198449
0.0791886
-0.101659
-0.177298
-0.113379
-0.112467
0.0530588
0.27467
0.172001
0.0751342
-0.157236
0.10991
0.0125898
0.0666068
0.0612632
0.0516375
-0.148754
-0.189722
-0.0418634
0.0808082
-0.031483
-0.0592252
-0.0563469
0.0137934
-0.015667
-0.095294
0.0478334
0.0480884
0.216652
0.0386084
-0.0566571
0.0784044
0.0519144
0.213159
0.0148354
-0.16101
-0.250707
-0.118852
-0.088041
0.0223324
-0.141999
0.0556448
0.170281
0.0173176
-0.033887
0.00993817
-0.155842
-0.0522919
0.073353
-0.244547
-0.393842
0.627584
