-0.00849563
-0.0365829
-0.0230517
-0.0218321
-0.255989
-0.319743
0.0973825
0.0428248
-0.245883
-0.0223224
0.0794829
0.188947
0.03578
-0.0785565
0.132478
0.00630436
0.267598
0.0396395
0.0793378
0.155109
-0.0620038
-0.0779585
0.0188863
0.324463
0.0663382
-0.13544
-0.133857
0.0668519
-0.13109
-0.0434176
0.166764
0.0838669
-0.162354
0.019498
0.176544
-0.215807
0.259708
0.00244675
-0.0294568
-0.0608133
-0.0149497
-0.0960353
-0.23733
-0.226157
0.268732
0.0683541
0.22925
0.0783294
-0.129921
0.147573
-0.0312809
0.186318
0.0517841
0.0417495
-0.00198767
0.110616
0.260644
0.0974487
-0.0355878
-0.00641368
-0.0167344
-0.235942
0.137087
-0.00217354
-0.05239
0.0107804
-0.248992
-0.122016
0.172653
0.125779
0.118866
0.109639
-0.0259501
0.0266496
-0.0674851
0.120884
0.256863
-0.0603884
-0.0633876
-0.0789073
0.243559
0.116573
0.266211
-0.0209647
0.165392
-0.399096
-0.20614
-0.0856201
0.241905
-0.174316
0.0903841
-0.112265
-0.187951
0.0952177
0.0638951
-0.0487579
-0.114102
-0.374669
-0.137591
0.110998
-0.124145
0.132621
-0.245884
-0.285516
-0.142296
0.0475815
0.0932383
-0.0777726
-0.0790089
0.169437
-0.0162251
-0.423473
-0.027915
0.0468059
0.209026
-0.194016
0.196853
-0.0419525
-0.000308884
-0.097895
0.015452
0.244151
0.106656
-0.205244
0.0555984
