0.208648
0.0706184
-0.428311
0.223217
0.12281
-0.0724479
-0.128851
0.152991
-0.0101199
0.00639399
0.165285
-0.0401619
0.0667352
-0.0785057
-0.262857
-0.214129
0.164558
0.0656646
-0.0119747
-0.0757431
-0.0780573
0.0632879
-0.104583
-0.034198
-0.162559
-0.269344
0.0263888
0.0533292
-0.00191219
0.142013
0.00699147
0.174218
0.146825
0.0997233
-0.110393
-0.00177172
0.0950046
0.255473
-0.0697997
-0.0727003
0.237909
0.176627
0.0508144
-0.215175
0.229494
-0.0192727
0.170802
-0.0316456
-0.119676
-0.0304334
-0.182615
-0.146834
-0.252207
-0.0579439
-0.218491
0.0162183
-0.0799393
0.0654247
-0.0137612
0.130521
0.0413732
-0.0962172
-0.286479
-0.0306506
-0.0548629
-0.0926934
0.124351
0.205264
-0.061036
0.118548
-0.0281048
0.0763228
-0.0345912
-0.0410857
0.203863
-0.432558
-0.0844424
-0.0287611
-0.05893
-0.110059
0.167566
0.0359423
0.0678379
-0.0203253
0.0406508
0.0203155
0.155172
-0.0243228
0.0588315
0.33964
-0.0132514
0.382645
0.0401607
-0.323293
-0.0842709
-0.082827
0.0671475
0.0122188
-0.025376
0.0915973
-0.137369
-0.0843632
-0.117191
-0.086173
0.134013
0.0197712
-0.337051
0.311732
0.00251203
-0.0703355
-0.00509846
0.170093
0.0853494
0.0358117
0.0613902
0.0106762
0.132308
0.0658005
-0.00512697
0.150428
-0.120516
-0.0855718
-0.18524
0.163104
-0.135834
